196
200
200
206
206
200
215
215
209
205
207
215
215
212
226
221
218
244
244
245
240
236
222
224
217
229
252
227
252
241
254
248
268
241
251
255
245
254
252
244
261
282
267
270
234
244
300
271
295
253
281
255
281
306
298
286
290
261
273
282
324
314
306
279
281
299
315
312
306
304
335
328
306
305
327
329
304
324
323
328
329
328
323
325
295
316
307
305
297
317
335
327
312
342
320
329
327
361
328
367
360
348
337
362
372
352
382
355
381
376
401
372
370
395
376
379
398
382
375
361
401
411
429
406
437
428
409
391
415
421
383
382
441
398
415
426
439
428
396
449
409
426
451
441
399
409
428
399
454
467
419
452
466
462
404
430
407
465
460
461
485
449
459
450
439
456
425
460
444
409
437
447
446
459
441
410
480
443
454
407
439
465
469
427
461
430
444
450
445
478
496
435
412
407
440
420
499
491
427
521
534
495
516
498
465
487
504
475
531
469
485
492
496
474
478
513
499
576
509
499
594
468
483
573
552
624
578
517
545
521
577
573
569
520
541
571
501
546
529
532
573
568
607
601
590
563
477
590
591
506
532
596
581
573
594
550
605
580
644
613
658
634
667
645
645
701
624
599
699
633
676
571
664
655
689
551
607
675
626
691
553
684
659
635
676
679
695
673
704
651
691
651
688
703
641
695
744
746
742
722
692
697
803
727
708
721
714
713
728
686
689
708
777
677
754
764
742
765
739
670
753
761
713
731
775
769
774
734
670
681
661
747
768
756
721
725
845
759
795
735
730
751
783
692
740
724
722
747
761
832
780
675
691
696
733
727
830
779
762
783
745
829
779
788
776
830
804
802
785
752
788
755
797
775
759
785
786
814
754
803
803
770
736
808
824
753
791
796
838
790
780
733
787
704
786
840
859
855
752
738
797
784
826
768
789
812
812
793
813
813
854
816
795
838
813
880
803
825
828
870
860
881
806
819
891
794
865
850
866
856
831
796
817
882
900
909
840
771
817
828
870
972
860
798
852
813
893
904
843
806
903
772
853
883
815
818
883
925
882
935
895
870
888
833
907
881
871
797
862
870
928
860
866
894
853
919
886
961
878
895
808
935
903
921
940
940
915
941
940
891
914
919
958
929
887
853
890
953
920
979
979
946
912
915
898
851
927
882
898
992
900
924
945
948
964
871
883
935
915
990
854
1003
864
901
860
913
921
2575
2560
2562
2585
2426
2673
2615
2316
2478
2421
2515
2472
2526
2429
2371
2474
2479
2463
2527
2304
2584
2423
2660
2469
2403
2480
2541
2535
2600
2485
2594
2607
2463
2371
2456
2480
2489
2516
2443
2572
2601
2371
2595
2651
2463
2531
2484
2455
2491
2417
2536
2548
2457
2516
2593
2332
2378
2438
2469
2333
2398
2477
2462
2483
2448
2623
2414
2608
2588
2572
2649
2313
2569
2488
2407
2522
2344
2550
2323
2339
2441
2338
2438
2416
2424
2561
2356
2479
2339
2545
2461
2326
2563
2471
2621
2430
2584
2343
2444
2320
2634
2311
2443
2594
2318
2553
2589
2325
2449
2502
2598
2471
2453
2463
2354
2426
2321
2497
2305
2318
2481
2463
2445
2310
2322
2491
2560
2316
2312
2458
2566
2369
2326
2538
2313
2402
2504
2316
2449
2340
2521
2319
2489
2309
2516
2500
2316
2457
2310
2557
2490
2507
2365
2671
2312
2316
2405
2310
2316
2326
2340
2316
2310
2306
2503
2307
2401
2310
2310
2335
2492
2429
2447
2309
2319
2308
2313
2529
2308
2309
2309
2307
2304
2449
2312
2304
2310
2304
2310
2332
2459
2426
2313
2313
2321
2304
2308
2342
2310
2323
2304
2571
2313
2307
2324
2316
2492
2308
2316
2328
2340
2310
2320
2445
2573
2304
2304
2316
2307
2310
2304
2450
2309
2309
2322
2534
2316
2306
2304
2350
2319
2304
2308
2309
2304
2304
2306
2538
2304
2304
2306
2310
2304
2307
2313
2573
2304
2304
2330
2308
2304
2304
2316
2309
2527
2751
2304
2599
2603
2587
2309
2319
2304
2304
2310
2304
2519
2308
2305
2577
2306
2304
2304
2304
2308
2304
2308
2304
2309
2684
2308
2304
2304
2304
2304
2304
2752
2632
2304
2304
2304
2645
2304
2304
2309
2306
2304
2304
2308
2304
2313
2306
2304
2304
2304
2304
2304
2304
2304
2304
2304
2304
2304
2304
2304
2304
2306
2702
2304
2691
2306
2304
2304
2655
2304
2304
2304
2304
2304
2304
2304
2304
2721
2304
2304
2304
2304
2304
2304
2304
2304
2310
2304
2304
2304
2304
2304
2304
2799
2304
2304
2304
2601
2304
2304
2304
2304
2304
2304
2304
2304
2737
2748
2692
2304
2304
2304
2304
2304
2304
2304
2304
2304
2304
2751
2304
2304
2304
2304
2304
2304
2304
2304
2304
2304
2304
2304
2304
2304
2304
2304
2304
2304
2304
2304
2304
2304
2304
2304
2304
2304
2304
2304
2304
2304
2304
2304
2304
2304
2304
2304
2304
2304
2304
2304
2304
2304
2304
2304
2304
2304
2304
2304
2304
2295
2304
2304
2304
2302
2304
2292
2304
2279
2304
2304
2304
2271
2272
2304
2304
2304
2281
2300
2304
2304
2265
2304
2304
2304
2304
2304
2247
2304
2304
2302
2304
2304
2248
2269
2304
2304
2302
2302
2302
2304
2300
2292
2304
2300
2298
2300
2240
2218
2300
3033
2218
2298
2290
2295
2293
2284
2282
3010
2269
2125
2283
2260
2194
2283
2257
2294
2247
2258
2270
2176
3046
2286
2236
2214
2142
2260
2262
2292
3029
2176
2270
2176
2197
2154
2172
2253
2203
2250
2219
2142
2158
2109
2208
2142
3024
2145
2109
3125
2228
3671
6006
4432
4416
4425
4428
4445
4475
4425
4451
4438
4426
5638
4437
4423
4449
4437
4423
4422
4428
4435
4473
4417
4433
4437
4442
4421
4428
4437
4426
4438
4421
4438
4432
4419
4449
4425
4430
4437
4445
4424
4436
4434
4442
4433
4470
4467
4483
4481
4483
4480
4765
4491
4471
4439
4504
4591
4495
4501
4572
4527
4539
4590
4501
4537
4590
4539
4532
4484
4557
4505
4576
4563
4583
4576
4528
4560
4614
4602
4601
4633
4613
4526
4589
4613
4596
4486
4498
4596
4577
4592
4433
4500
4542
4464
4568
4566
4474
4511
4486
4495
4484
4487
4507
4489
4525
4538
4489
4482
4655
4480
4533
4578
4582
4590
4596
4553
4612
4629
4560
4527
4589
4607
4581
4626
4593
4593
4630
4604
4569
4639
4593
4629
4497
4484
4499
4476
4595
4615
4495
4539
4524
4530
4599
4571
5653
4603
4475
4494
4534
4497
4493
4501
4482
4476
4482
4506
4573
4587
4572
4574
4575
4566
4519
4512
4621
4626
4569
4475
4621
4563
4589
4536
4500
4562
4601
4478
4563
4577
5282
4562
4557
4507
4524
4599
4596
4646
4604
4606
4559
4643
4623
4563
4618
4597
4598
4593
4575
4500
4501
4527
4578
4557
4785
4498
4581
4607
4577
4587
4575
4583
4785
4751
4584
4576
4785
4508
4785
4598
4576
4581
4593
4785
4583
4587
4586
4789
5302
5284
5272
4568
4540
4596
4596
4597
4598
4634
4597
4614
5304
5282
4788
4785
5295
5272
4788
5321
5282
5259
5713
5731
5732
5726
5730
5730
5732
5707
5588
5722
5729
5725
5717
5726
5732
5730
5729
5734
5736
5580
5727
5729
5734
5735
5744
5720
5739
5735
5728
5742
5730
5734
5737
5730
5748
5745
5730
5736
5736
5736
5741
5732
5730
5744
5741
5766
5739
5753
5760
5775
5752
5761
5746
5750
5736
5767
5771
5763
5857
4785
5831
4565
4559
4567
5823
5839
5856
5879
5878
5257
4513
4797
4558
5823
5903
5902
5890
5901
5877
5863
5903
5902
5900
5882
5903
5852
5904
5937
5898
5904
5901
5858
5887
5869
5904
5884
5937
5892
5898
5877
5931
5854
5864
4434
5914
5882
5865
5867
5806
5911
5842
5900
5895
5907
5895
5892
5891
5821
5859
5853
5896
5873
5881
5858
5894
5878
5818
5894
5835
5875
5712
5846
5861
5868
5908
5864
5879
5869
5888
5880
5898
5853
5913
5906
5906
5826
5880
5893
5893
5898
5881
5893
5849
5891
5899
5894
5906
5896
5898
5892
5869
5878
5893
5865
5872
5895
5852
5895
5908
5892
4560
4785
5854
5902
5915
5881
5592
5625
5620
5614
5631
5632
5641
5611
5610
5629
5628
5628
5625
5598
5614
5613
5623
5630
5628
5645
5598
5608
5612
5617
5604
5601
5620
5632
5649
5611
5632
5617
5620
5635
5624
4606
5909
4529
4785
4787
4628
4785
4780
5268
5905
4780
5598
4628
6219
4534
5455
5259
5265
5272
5250
6171
6171
6171
6171
6415
6171
6170
5592
4539
6184
5278
5270
6415
5282
6428
6171
6415
5906
6168
6415
6415
6423
6425
6425
6411
6415
6415
6416
6415
6415
6424
5896
6425
6415
6415
6169
6415
6434
6430
6424
5896
6339
6418
6409
6431
6413
6409
6402
6430
6340
6421
6417
6427
6432
6427
6429
6433
6429
6416
6427
6425
6402
6427
6377
6422
6397
6429
6430
5899
6352
6427
6415
5913
5895
5902
6329
6323
6377
6418
6350
6427
6412
6323
6380
6423
6189
6215
6337
5974
6330
6349
6329
6332
6343
6389
6349
6170
6213
5955
6298
6341
6336
6347
6272
6357
6267
6217
6216
6339
6382
6316
6404
5904
5907
5898
6349
6073
6052
6166
6232
6231
6077
6171
6230
6075
6232
6231
6373
6434
6539
6231
6537
6227
6249
6248
6223
6166
6335
6502
6588
6575
6544
6630
6579
6568
6583
6339
6227
6176
6228
6237
6074
6557
6229
6227
6590
6585
6231
6226
6182
6098
6169
6232
6513
6230
6562
5680
6591
6555
6554
6231
6230
6553
6547
6568
6522
6444
6531
6538
6548
6533
6529
6533
6417
6525
6521
6509
6609
6223
6611
6511
6606
6525
6567
6536
6603
6512
6511
6454
6481
6554
6504
6234
6546
6212
6228
6553
6556
6433
6519
6534
6534
6570
6558
6532
6549
6538
6536
6550
6539
6479
6621
6525
6226
6609
6561
6628
6498
6591
6523
6599
6592
6543
6515
5591
6540
6508
6536
6497
6607
6536
6601
6591
6607
6633
6596
6541
6554
6546
6600
6530
6585
6548
5589
6454
6530
6558
6455
5583
6456
5587
6572
6540
6413
6537
6550
6435
6539
5587
5588
6551
6459
5588
5590
5590
5588
6582
6543
6422
5582
6521
5587
5588
5590
6494
6539
6726
6697
6540
6643
5675
5589
5591
6552
5587
5591
5585
5676
6604
5590
6511
5755
5762
6467
5593
5676
6552
6514
5759
6638
5755
5679
5681
5756
5657
6582
6587
6592
5653
5678
5679
5680
6644
6490
5671
5750
5674
6524
5679
5656
5754
5759
5582
5751
5749
6485
5674
6524
6589
6659
6641
6528
6489
6595
6523
6610
6556
6527
6580
6510
6533
6631
6609
5674
5761
5679
5764
5793
6553
6583
6640
6670
6476
5765
5759
5753
5751
5754
5758
5751
5673
5760
5752
5764
5567
5756
5763
5672
5766
5665
5672
5760
5650
5758
5765
6602
6393
6504
5761
6471
5765
5675
6686
5676
5673
6419
5756
5726
6575
5754
5766
5667
6654
5757
6574
5760
5739
6607
5748
6561
5642
6355
5768
6543
5760
6538
5645
5764
5734
5735
5588
5733
5754
5583
5708
6588
6560
5669
5793
6612
6506
6558
6574
6560
6617
6560
6575
6523
6607
6535
6531
6592
6503
5756
6635
5781
5790
5722
5661
5704
5600
6605
5803
5767
5757
5769
5783
5807
6693
5766
5651
5748
5751
5768
5789
5796
6567
6677
5779
6519
5638
5851
6526
6572
6725
6484
6617
6536
6652
6530
6595
5794
6632
5812
5780
5830
6556
6419
6601
6621
6538
6570
6653
6587
6589
5837
6633
6482
6485
6529
5756
6577
6648
6499
6589
6612
5737
6476
5958
6420
6430
6459
6379
6287
6507
6384
6209
6399
5775
6647
6228
6716
5804
5839
6684
6641
6598
6537
6426
6621
6723
6984
6807
6672
6840
6559
6853
6441
6035
6528
6961
6611
5846
7748
6650
5889
6360
6496
6814
6856
5814
5720
6381
6860
6882
6771
6406
6334
6287
5941
7008
7736
7192
7024
7725
7757
7980
7728
7958
7008
7802
7022
7006
7839
7735
7736
7808
7832
7089
7799
7800
7015
7021
7729
7717
7006
7021
7003
7008
7947
7157
7019
7882
7721
7887
7025
7004
7027
7849
7026
7446
7029
7027
7024
7971
8004
7088
7028
7022
7034
7005
7834
7029
7017
8040
7706
7028
7027
7028
7009
7727
7783
7785
7744
7005
7029
7029
7008
7016
7908
7022
7789
7022
7859
7030
7030
7938
7874
7935
7022
7022
7060
7796
7014
7798
7023
7011
7021
7763
7989
7010
7021
7666
7011
7796
7901
7831
5541
7975
5517
5453
5492
5428
5515
5527
7744
5407
7023
8003
7022
5473
5500
7742
5430
7808
7995
7593
5525
5090
7393
5331
5281
5256
5279
6868
5287
5094
5269
5340
5094
5271
5330
5302
5186
5298
5257
7396
7134
5312
5291
5922
5263
7254
5273
5297
5273
5325
5270
5289
5094
8016
7311
7388
7922
8031
8087
8210
8070
7383
5190
5277
5201
5242
8059
5318
5309
8274
8026
8061
7952
7634
8041
8068
5270
8017
5281
7389
7383
7386
7390
5507
8051
8111
8043
8046
8240
7357
8146
5516
8091
8097
7793
7378
7808
8049
7360
7385
6489
8071
7308
7305
8029
7377
7958
8244
8018
7888
7929
7621
7369
7381
7830
7386
7361
7383
7382
7379
7365
7388
7599
7360
7380
7352
7299
8036
8045
8122
7380
7976
7390
7386
7384
7379
5539
7385
7746
7902
8076
8056
7360
5535
8034
8125
8082
7382
7384
5303
8025
5566
5304
7952
7726
8102
7383
8066
7264
8076
7381
8094
7377
7379
7528
5306
8046
7875
8238
8056
8078
8084
7942
8087
8080
8090
8060
8241
7927
7899
7819
7947
8041
8091
5307
5288
7384
7755
5286
8083
7384
7971
7933
7376
8002
7387
7986
5289
6966
5302
8163
8087
8159
5720
5488
7362
8044
7382
5482
7375
8025
7376
7275
8062
7304
7970
8069
7371
8017
7381
8082
7342
8063
8052
8093
8039
5287
8027
8033
8025
7986
5589
8051
7763
7944
8044
8065
7452
7584
7360
7380
8096
8080
8027
8095
7377
8133
8080
5290
8049
5285
8105
7646
7971
7929
6866
8053
8023
8119
5298
7951
5269
8024
7928
7772
7361
6938
8023
5291
6893
7379
7937
8233
8205
8135
4903
5818
2451
2444
2541
2539
2540
2468
2544
2534
2536
2535
2535
2536
2492
2536
2455
2462
2449
2485
2483
2541
2540
2534
2524
2539
2478
2536
2535
2541
2536
2535
2470
2537
2528
2534
2469
2473
2530
2530
2529
2523
2531
2528
2475
2531
2532
2538
2471
2478
2492
2491
2473
2487
2472
2476
2533
2533
2480
2499
2467
2487
2490
2492
2530
2536
2490
2522
2533
2459
2464
2524
2499
2458
2525
2525
2524
2529
2452
2528
2476
2536
2526
2536
2538
2451
2538
2522
2528
2526
2471
2531
2523
2535
2528
2517
2520
2535
2545
2528
2527
2527
2467
2541
2531
2524
2533
2530
2532
2528
2526
2534
2530
2530
2531
2530
2526
2530
2533
2524
2521
2525
2547
2526
2530
2533
2521
2519
2523
2549
2517
2532
2528
2526
2543
2516
2522
2517
2524
2524
2528
2520
2529
2529
2529
2535
2527
2526
2523
2523
2520
2529
2530
2530
2523
2526
2529
2521
2529
2521
2532
2521
2512
2524
2522
2535
2541
2523
2523
2518
2525
2523
2521
2525
2522
2524
2522
2521
2524
2522
2518
2537
2524
2518
2523
2530
2519
2547
2518
2521
2545
2518
2530
2527
2522
2521
2545
2522
2544
2519
2525
2522
2543
2411
2550
2520
2521
2514
2545
2517
2544
2522
2543
2502
2467
2486
2466
2448
2454
2476
2543
2468
2463
2459
2457
2467
2449
2464
2461
2396
2453
2449
2394
2408
2402
2381
2393
2379
2515
2390
2328
2278
2520
2539
2519
2240
2212
2227
2215
2220
2211
2543
2541
2198
2587
2497
2590
2577
2589
2558
2512
2572
2497
2594
2571
2540
2576
2558
2560
2303
2583
2565
2561
2564
2560
2566
2554
2491
2404
2520
2483
2545
2582
2534
2513
2568
2516
2599
2535
2588
2552
2500
2549
2582
2550
2588
2570
2540
2557
2577
2517
2527
2573
2582
2567
2308
2493
2499
2517
2587
2505
2604
2507
2485
2478
2528
2575
2553
2534
2544
2506
2591
2593
2593
2562
2526
2587
2564
2477
2576
2580
2553
2524
2531
2545
2539
2551
2590
2300
2517
2556
2585
2498
2520
2582
2562
2487
2305
2541
2524
2503
2555
2512
2506
2563
2560
2530
2549
2527
2530
2492
2506
2591
2587
2171
2510
2538
2460
2560
2487
2558
2558
2501
2547
2511
2304
2520
2169
2284
2581
2115
2117
2314
2316
2292
2175
2057
2177
2161
2145
2064
2073
2082
1971
2111
2113
2084
2028
2032
2133
1455
2090
2185
2097
1441
2155
2156
2128
2148
2080
2132
2134
2140
2156
2151
2108
1448
2159
2133
2145
2140
2069
1456
2067
1454
1440
1434
1396
1392
1391
1438
1377
1307
1376
1392
1415
1439
1343
1418
1300
1337
1287
1410
1321
1333
1283
1406
1306
1246
1245
1252
1253
1292
1240
1250
1241
1290
1372
1237
1227
1231
1328
1236
1234
1236
1339
1255
1276
1261
1234
1123
1194
1235
1349
1206
1193
1208
1136
1139
1169
1182
1075
1092
1100
1030
1038
1068
1065
1075
1046
1047
1126
1017
1061
1003
1152
1022
1092
1000
1065
983
1044
1057
989
1095
1048
1031
1073
1072
1010
998
1250
1037
981
1038
977
1035
1014
971
957
960
1036
1034
1040
1022
1031
1016
1006
1033
979
955
1003
1003
977
959
979
932
998
965
960
1013
1016
1020
1029
1018
1023
974
956
923
1021
949
965
954
912
906
926
791
798
842
773
787
788
781
803
803
799
803
805
802
791
799
758
795
796
799
799
786
754
757
781
764
764
771
811
773
782
769
782
792
768
785
762
743
742
707
738
702
708
660
703
628
695
710
688
672
646
672
620
623
682
684
650
655
653
694
667
669
647
657
649
690
632
638
661
624
652
639
625
610
581
634
624
617
612
615
618
613
594
585
598
574
616
616
582
612
611
604
565
596
554
552
577
549
528
574
547
557
536
583
561
543
545
558
539
545
548
489
521
502
492
562
454
538
503
386
489
503
467
577
559
478
564
503
486
561
490
483
452
381
485
512
482
499
458
480
477
480
444
507
496
467
482
451
484
472
375
476
445
444
424
420
418
437
413
417
419
417
441
401
444
425
414
426
422
417
406
411
339
406
373
372
392
368
386
377
398
371
371
356
399
362
397
354
280
361
311
309
352
299
352
363
371
303
373
358
349
351
351
286
267
303
298
256
280
291
294
281
281
301
312
278
292
270
314
260
273
253
247
266
253
228
217
207
206
202
207
193
201
199
195
179
200
200
176
183
190
169
207
183
165
165
159
156
156
156
